3900
3 4195 2835
-20 4240 2933
-49 4273 2958
-78 4284 2907
-109 4288 2882
-148 4308 2778
-207 4267 2634
-312 4147 2487
-383 3937 2269
-435 3708 2119
-489 3518 2030
-541 3375 1915
-627 3213 1738
-672 3023 1516
-725 2822 1321
-806 2626 1145
-866 2448 998
-899 2298 890
-953 2160 808
-1040 2051 727
-988 1953 664
-1081 1869 602
-1133 1785 528
-1301 1711 461
-1170 1642 403
-1377 1579 346
-1361 1519 291
-1387 1463 235
-1618 1401 180
-1591 1357 139
-1671 1307 102
-1757 1253 79
-1588 1208 58
-1633 1165 45
-1632 1117 33
-1626 1074 21
-1691 1048 3
-1510 1010 -15
-1540 975 -26
-1430 940 -38
-1471 907 -48
-1457 871 -64
-1441 843 -80
-1335 813 -90
-1252 790 -92
-1256 763 -103
-1155 743 -114
-1182 718 -120
-1140 698 -137
-1093 676 -147
-1074 658 -158
-1068 640 -167
-1073 620 -168
-1060 598 -169
-988 576 -168
-1011 558 -175
-1019 540 -183
-1065 522 -192
-1012 507 -202
-918 489 -218
-924 477 -235
-988 465 -252
-980 455 -276
-977 444 -299
-928 430 -315
-912 419 -327
-906 410 -347
-912 398 -365
-862 386 -385
-879 380 -399
-813 373 -419
-824 366 -416
-774 357 -422
-799 349 -430
-772 344 -441
-735 336 -458
-699 332 -480
-684 327 -502
-675 323 -516
-687 318 -531
-687 312 -543
-747 303 -554
-720 301 -560
-767 290 -568
-759 287 -572
-739 283 -576
-718 275 -586
-699 278 -584
-682 271 -587
-634 269 -587
-637 266 -588
-597 263 -590
-590 264 -589
-552 253 -594
-552 254 -601
-547 247 -605
-539 253 -608
-537 250 -610
-506 246 -612
-511 250 -611
-510 251 -606
-491 250 -598
-492 250 -586
-484 255 -578
-475 255 -579
-450 257 -573
-383 255 -567
-385 262 -557
-332 268 -550
-305 273 -540
-276 278 -533
-235 318 -516
-187 451 -438
-148 631 -294
-111 816 -134
-79 1024 52
-41 1324 288
-6 1676 555
20 2093 820
36 2516 1085
52 2932 1357
71 3319 1624
89 3674 1884
99 3993 2131
111 4248 2364
126 4488 2584
152 4712 2799
179 4898 3007
210 5063 3209
239 5222 3396
293 5377 3548
330 5511 3687
372 5636 3818
409 5755 3940
449 5863 4055
495 5958 4151
567 6036 4235
629 6102 4308
693 6169 4390
746 6229 4482
753 6277 4571
766 6311 4657
782 6344 4735
789 6372 4816
775 6398 4889
775 6436 4949
765 6468 4999
751 6492 5040
761 6516 5085
740 6550 5135
693 6560 5189
675 6589 5245
632 6615 5294
590 6638 5335
547 6652 5359
497 6666 5386
478 6682 5406
430 6695 5433
419 6701 5455
408 6705 5475
413 6715 5501
444 6719 5531
481 6727 5556
508 6746 5581
542 6756 5602
573 6759 5623
611 6759 5641
633 6760 5643
645 6769 5652
657 6792 5663
663 6797 5678
676 6804 5695
676 6819 5713
685 6826 5726
703 6833 5728
719 6836 5728
728 6848 5731
731 6846 5743
736 6841 5764
744 6852 5790
761 6862 5792
758 6863 5790
766 6857 5784
762 6854 5789
759 6852 5795
755 6857 5806
737 6850 5817
729 6845 5826
714 6839 5830
700 6827 5834
687 6830 5830
675 6826 5830
670 6832 5824
663 6823 5820
660 6812 5813
654 6802 5810
649 6783 5810
646 6777 5804
629 6775 5802
601 6765 5799
591 6759 5794
530 6753 5788
488 6757 5780
451 6758 5779
405 6769 5781
381 6776 5790
364 6778 5795
361 6777 5802
347 6773 5807
325 6759 5806
313 6737 5805
297 6724 5802
283 6730 5802
261 6739 5810
243 6736 5812
216 6740 5820
195 6745 5824
181 6762 5827
163 6765 5848
152 6768 5873
138 6768 5899
121 6775 5912
116 6764 5912
108 6744 5911
112 6716 5911
109 6681 5908
109 6665 5894
102 6652 5886
96 6638 5877
95 6627 5870
95 6614 5856
90 6595 5833
90 6565 5796
95 6531 5757
95 6506 5728
102 6480 5688
104 6450 5633
107 6413 5566
112 6374 5511
106 6334 5443
107 6285 5375
106 6213 5311
107 6070 5258
114 5775 5208
113 5390 5115
122 4971 4910
127 4533 4518
135 4120 3996
134 3739 3466
138 3388 3013
142 3097 2663
146 2824 2429
153 2594 2271
161 2407 2110
167 2216 1927
175 2028 1715
175 1832 1490
183 1672 1266
191 1532 1069
190 1408 903
199 1297 771
202 1199 669
214 1125 572
219 1041 480
225 954 398
226 883 300
227 802 188
222 711 133
216 635 53
224 557 -22
230 487 -91
229 430 -143
229 364 -175
233 316 -236
234 290 -315
231 240 -378
238 186 -441
246 138 -470
250 106 -492
250 61 -505
260 14 -521
281 -14 -507
284 -28 -468
294 -49 -425
289 -89 -407
289 -122 -404
294 -155 -415
297 -190 -425
297 -194 -427
279 -193 -432
274 -178 -435
262 -175 -411
241 -205 -376
233 -233 -323
226 -261 -258
227 -280 -209
225 -299 -166
226 -311 -137
225 -332 -114
230 -345 -114
227 -363 -111
220 -367 -110
219 -373 -112
214 -384 -127
206 -394 -125
192 -399 -134
183 -406 -145
175 -410 -139
160 -431 -131
155 -436 -115
142 -435 -90
143 -438 -99
150 -444 -108
154 -444 -124
157 -447 -147
164 -447 -166
167 -450 -155
170 -459 -146
166 -466 -146
157 -471 -152
145 -472 -151
127 -475 -156
115 -477 -167
105 -485 -179
94 -488 -184
76 -479 -181
70 -465 -180
65 -450 -176
56 -432 -172
47 -413 -169
37 -398 -163
30 -382 -165
21 -365 -169
11 -329 -165
0 -268 -152
-13 -212 -127
-36 -190 -114
-68 -184 -123
-105 -159 -124
-141 -12 -32
-163 191 173
-191 437 407
-236 704 615
-300 985 785
-357 1281 975
-423 1577 1215
-498 1894 1452
-566 2189 1673
-673 2483 1888
-770 2739 2093
-842 2984 2304
-913 3222 2517
-1039 3477 2736
-1209 3726 2939
-1320 3960 3118
-1463 4159 3289
-1681 4357 3461
-1717 4521 3627
-1873 4692 3768
-2138 4840 3890
-1997 4965 4016
-2369 5076 4121
-2281 5186 4216
-2025 5285 4306
-2234 5382 4383
-2137 5474 4464
-2165 5545 4540
-2225 5606 4602
-2032 5675 4680
-1952 5733 4749
-2007 5793 4814
-1896 5845 4870
-2069 5892 4933
-1869 5936 4989
-2145 5984 5030
-1844 6031 5055
-2036 6084 5077
-1891 6125 5107
-1890 6157 5124
-1743 6186 5139
-1673 6215 5157
-1792 6241 5173
-1683 6258 5191
-1648 6262 5208
-1528 6262 5222
-1596 6268 5240
-1450 6286 5265
-1585 6293 5299
-1517 6302 5328
-1570 6320 5341
-1571 6333 5360
-1433 6367 5382
-1488 6390 5393
-1598 6403 5404
-1526 6405 5407
-1530 6398 5411
-1571 6392 5414
-1338 6398 5427
-1347 6422 5437
-1292 6426 5452
-1283 6446 5460
-1195 6441 5469
-1138 6438 5477
-1158 6432 5493
-1070 6441 5507
-1131 6436 5513
-1035 6431 5518
-1083 6443 5522
-1110 6459 5518
-1132 6474 5524
-1134 6477 5525
-1090 6476 5520
-1053 6474 5522
-1076 6467 5531
-1063 6467 5544
-1002 6470 5555
-1053 6470 5565
-868 6467 5555
-953 6470 5546
-933 6460 5540
-996 6440 5541
-907 6429 5539
-962 6418 5538
-900 6410 5534
-906 6394 5538
-902 6372 5534
-793 6344 5538
-795 6311 5539
-793 6288 5538
-831 6268 5537
-822 6245 5523
-771 6229 5515
-790 6196 5499
-798 6178 5489
-740 6156 5476
-799 6132 5464
-776 6094 5448
-768 6052 5434
-773 6016 5418
-702 5972 5398
-719 5944 5379
-754 5921 5356
-742 5899 5327
-700 5876 5284
-639 5850 5238
-656 5819 5181
-639 5788 5125
-666 5744 5064
-618 5701 5005
-591 5659 4938
-575 5622 4866
-536 5584 4781
-523 5545 4691
-497 5489 4616
-471 5418 4558
-470 5280 4507
-409 5028 4467
-354 4726 4395
-332 4369 4241
-290 4005 3962
-253 3655 3567
-220 3320 3139
-199 3001 2729
-170 2717 2358
-142 2472 2043
-120 2269 1766
-92 2083 1517
-77 1955 1313
-51 1824 1121
-31 1721 940
-15 1626 757
-4 1511 571
9 1421 402
22 1349 267
34 1298 155
50 1259 64
70 1201 -16
87 1166 -82
104 1140 -141
132 1078 -186
159 1000 -166
196 919 -160
235 862 -220
279 820 -300
333 782 -360
386 730 -404
458 682 -438
535 647 -463
630 614 -477
734 591 -473
822 555 -457
896 507 -444
960 457 -439
1008 407 -436
1036 366 -429
1043 325 -438
1066 294 -454
1061 251 -476
1051 221 -494
1013 191 -503
1006 148 -513
994 115 -524
990 84 -533
1008 50 -539
1015 25 -513
1009 -14 -488
1012 -60 -484
1034 -96 -496
1078 -134 -506
1114 -160 -498
1141 -185 -500
1157 -205 -513
1148 -215 -522
1143 -229 -527
1134 -238 -532
1121 -242 -534
1129 -257 -533
1113 -256 -535
1087 -262 -535
1075 -280 -531
1074 -284 -505
1081 -301 -456
1094 -307 -422
1122 -315 -398
1132 -315 -384
1166 -318 -381
1210 -315 -386
1211 -311 -397
1231 -316 -405
1258 -309 -407
1274 -299 -340
1266 -292 -303
1284 -292 -283
1266 -300 -274
1293 -307 -248
1310 -306 -237
1312 -312 -219
1298 -315 -198
1323 -309 -169
1310 -300 -163
1318 -301 -165
1332 -304 -159
1350 -300 -147
1355 -297 -153
1391 -294 -155
1368 -296 -152
1359 -296 -154
1377 -304 -149
1354 -307 -149
1354 -310 -152
1372 -311 -154
1348 -303 -150
1316 -299 -137
1294 -299 -126
1298 -292 -73
1272 -221 40
1252 -11 203
1255 233 349
1258 445 536
1278 679 753
1288 934 971
1304 1179 1142
1285 1430 1321
1280 1671 1545
1237 1925 1782
1222 2187 1982
1197 2440 2160
1174 2696 2343
1176 2955 2525
1160 3175 2695
1153 3385 2871
1134 3585 3037
1151 3782 3191
1163 3982 3339
1189 4163 3474
1180 4330 3606
1160 4481 3739
1132 4621 3861
1101 4747 3975
1051 4861 4081
986 4954 4182
942 5038 4275
881 5114 4380
813 5187 4460
745 5262 4531
676 5334 4602
614 5386 4658
573 5446 4707
528 5498 4762
501 5566 4813
476 5625 4845
454 5682 4887
442 5716 4929
422 5749 4964
400 5788 4992
374 5821 5023
352 5850 5054
326 5878 5081
276 5907 5104
218 5941 5130
152 5970 5164
77 6004 5202
-17 6035 5218
-109 6055 5235
-204 6072 5261
-296 6094 5279
-357 6119 5292
-405 6141 5302
-459 6157 5316
-507 6149 5326
-570 6153 5348
-675 6157 5368
-770 6160 5384
-851 6169 5401
-913 6170 5412
-986 6188 5418
-1148 6197 5428
-1258 6212 5443
-1432 6229 5451
-1437 6229 5454
-1429 6246 5461
-1478 6256 5468
-1587 6271 5482
-1438 6266 5484
-1427 6265 5482
-1332 6267 5482
-1478 6263 5477
-1320 6268 5471
-1397 6281 5465
-1523 6283 5461
-1465 6274 5460
-1417 6272 5462
-1517 6269 5467
-1550 6253 5471
-1573 6242 5466
-1550 6239 5459
-1365 6226 5458
-1413 6221 5458
-1460 6215 5452
-1337 6212 5457
-1402 6206 5461
-1203 6194 5471
-1244 6200 5473
-1121 6180 5471
-1191 6156 5465
-1180 6143 5452
-1153 6130 5432
-1122 6129 5406
-1165 6119 5380
-1162 6095 5359
-1012 6077 5331
-1091 6061 5317
-1119 6039 5298
-1168 6026 5269
-1055 6023 5242
-1102 6016 5223
-1079 5999 5196
-1144 5977 5167
-1144 5952 5129
-1127 5922 5089
-1019 5891 5058
-1040 5850 5030
-1032 5802 5008
-948 5763 4977
-965 5725 4934
-945 5685 4899
-989 5643 4859
-897 5602 4806
-1021 5558 4745
-935 5510 4680
-892 5470 4608
-888 5370 4465
-839 5294 4417
-858 5143 4337
-816 5010 4200
-862 4819 3995
-853 4573 3721
-837 4295 3415
-860 3972 3101
-786 3654 2753
-821 3351 2380
-830 3048 2006
-824 2796 1665
-799 2572 1345
-745 2375 1057
-795 2210 805
-780 2083 603
-685 1964 427
-743 1858 259
-667 1759 106
-687 1659 -21
-683 1537 -134
-695 1427 -235
-675 1323 -307
-626 1243 -373
-668 1190 -436
-637 1143 -495
-635 1104 -542
-619 1058 -575
-617 975 -604
-602 901 -651
-602 840 -720
-570 767 -789
-565 676 -852
-573 585 -896
-551 503 -915
-526 419 -935
-512 337 -968
-536 256 -1001
-463 169 -1027
-461 88 -1042
-453 27 -1050
-473 -38 -1064
-441 -107 -1071
-454 -154 -1096
-434 -204 -1115
-406 -257 -1126
-413 -304 -1121
-395 -355 -1126
-378 -408 -1135
-372 -429 -1122
-371 -437 -1093
-347 -459 -1081
-331 -487 -1071
-330 -518 -1054
-303 -555 -1053
-281 -587 -1061
-265 -625 -1045
-247 -652 -1010
-228 -681 -976
-216 -693 -951
-188 -706 -921
-165 -724 -897
-142 -748 -844
-112 -766 -811
-81 -781 -789
-34 -792 -771
15 -796 -764
71 -791 -762
139 -804 -748
206 -807 -748
274 -818 -727
334 -822 -705
393 -828 -679
455 -833 -638
517 -833 -594
579 -831 -550
642 -823 -514
692 -824 -482
744 -830 -453
787 -835 -426
834 -840 -406
863 -844 -398
909 -849 -406
941 -848 -416
955 -849 -415
977 -851 -406
1007 -858 -409
990 -859 -433
1005 -858 -453
1011 -859 -468
1024 -858 -469
1012 -858 -470
1024 -857 -461
1025 -847 -451
1033 -834 -437
1080 -797 -409
1068 -752 -373
1051 -711 -337
1043 -685 -321
1043 -664 -323
1065 -644 -325
1075 -594 -227
1104 -447 -85
1089 -233 63
1095 8 269
1081 256 483
1078 485 683
1100 746 915
1095 1045 1154
1106 1362 1394
1108 1679 1596
1102 1993 1759
1115 2285 1931
1133 2555 2140
1164 2807 2366
1163 3044 2603
1156 3296 2810
1136 3519 2989
1136 3740 3174
1100 3951 3334
1083 4160 3474
1054 4351 3615
1030 4498 3747
1003 4633 3850
962 4766 3957
951 4894 4037
949 5013 4097
952 5111 4156
938 5197 4223
941 5271 4296
923 5339 4379
918 5402 4447
915 5480 4497
897 5557 4544
883 5622 4608
865 5679 4670
858 5715 4733
861 5752 4786
852 5794 4845
849 5836 4905
855 5889 4964
855 5924 4995
841 5958 5015
845 6001 5026
843 6042 5042
826 6086 5065
829 6128 5082
806 6165 5092
792 6195 5097
802 6225 5105
790 6245 5133
779 6258 5151
781 6245 5168
765 6229 5186
771 6228 5201
760 6229 5202
754 6233 5199
748 6236 5213
746 6232 5214
744 6226 5215
731 6217 5217
730 6207 5233
740 6190 5237
740 6173 5240
730 6160 5248
723 6151 5259
723 6146 5269
704 6126 5266
699 6108 5273
683 6091 5279
665 6076 5280
625 6068 5274
608 6060 5271
585 6041 5280
565 6022 5279
545 6014 5269
511 6000 5261
478 5981 5274
459 5971 5282
444 5965 5290
436 5957 5294
426 5949 5283
397 5940 5269
377 5937 5249
362 5936 5227
336 5934 5213
311 5929 5197
269 5908 5185
223 5898 5181
164 5905 5173
118 5907 5166
63 5895 5162
21 5891 5159
-23 5872 5156
-78 5854 5148
-140 5852 5124
-206 5826 5111
-268 5802 5103
-319 5800 5103
-387 5799 5099
-472 5797 5091
-561 5766 5081
-694 5755 5074
-832 5735 5069
-980 5719 5060
-1156 5710 5039
-1164 5710 5020
-1209 5705 4995
-1371 5688 4971
-1353 5667 4947
-1296 5651 4919
-1317 5638 4888
-1304 5620 4852
-1296 5606 4812
-1304 5588 4776
-1304 5563 4733
-1264 5529 4693
-1311 5483 4653
-1184 5439 4611
-1275 5408 4572
-1303 5382 4527
-1303 5359 4480
-1306 5337 4439
-1240 5319 4397
-1288 5294 4354
-1250 5265 4308
-1231 5237 4262
-1207 5204 4214
-1278 5174 4177
-1197 5140 4141
-1337 5085 4115
-1146 4903 4093
-1271 4620 4048
-1115 4299 3974
-1191 3975 3896
-1057 3679 3786
-1181 3392 3480
-1102 3076 3106
-1054 2786 2792
-1151 2522 2405
-1031 2253 1993
-1021 2015 1621
-972 1810 1295
-907 1587 998
-963 1371 736
-892 1162 579
-866 969 447
-875 799 246
-897 668 30
-916 567 -168
-905 499 -306
-868 433 -444
-850 355 -547
-865 269 -642
-840 171 -772
-880 82 -894
-896 -6 -994
-897 -82 -1081
-882 -163 -1148
-815 -232 -1219
-899 -313 -1305
-811 -401 -1358
-797 -477 -1402
-843 -548 -1463
-914 -605 -1514
-837 -649 -1542
-761 -696 -1542
-802 -740 -1538
-799 -771 -1542
-783 -809 -1545
-732 -836 -1550
-736 -870 -1557
-770 -916 -1560
-744 -961 -1564
-771 -1002 -1545
-764 -1035 -1536
-725 -1063 -1556
-689 -1084 -1587
-716 -1113 -1605
-663 -1130 -1620
-796 -1157 -1625
-719 -1178 -1620
-668 -1197 -1604
-746 -1207 -1589
-667 -1220 -1577
-666 -1240 -1579
-708 -1258 -1576
-685 -1273 -1574
-680 -1283 -1570
-639 -1285 -1551
-670 -1284 -1533
-647 -1290 -1516
-655 -1289 -1508
-616 -1288 -1504
-569 -1294 -1482
-605 -1307 -1459
-595 -1311 -1432
-618 -1312 -1408
-560 -1317 -1396
-565 -1316 -1376
-556 -1320 -1358
-545 -1324 -1328
-548 -1325 -1308
-543 -1326 -1296
-548 -1329 -1286
-519 -1326 -1286
-509 -1336 -1290
-515 -1342 -1281
-494 -1342 -1271
-481 -1334 -1259
-487 -1336 -1249
-464 -1339 -1245
-463 -1340 -1241
-459 -1343 -1227
-483 -1337 -1208
-459 -1339 -1185
-458 -1335 -1156
-466 -1326 -1132
-467 -1311 -1109
-436 -1268 -1087
-431 -1211 -1059
-447 -1182 -1009
-432 -1133 -925
-431 -1020 -761
-425 -835 -605
-419 -601 -451
-404 -391 -251
-423 -210 -51
-420 29 110
-412 234 249
-396 434 426
-328 880 960
-331 1058 1184
-291 1278 1410
-258 1508 1616
-212 1740 1826
-199 1962 2042
-168 2163 2235
-150 2343 2414
-144 2498 2594
-125 2676 2756
-106 2864 2890
-82 3038 3041
-63 3185 3213
-34 3300 3344
-9 3433 3462
30 3579 3601
58 3720 3728
86 3836 3836
128 3931 3944
166 4027 4033
208 4122 4123
238 4218 4206
276 4297 4291
301 4362 4380
332 4430 4451
366 4493 4516
389 4564 4573
420 4628 4630
452 4680 4675
485 4730 4729
501 4785 4772
507 4836 4814
523 4890 4846
529 4933 4867
539 4969 4881
546 5011 4917
558 5046 4956
575 5071 4991
579 5100 5025
599 5139 5063
608 5197 5085
630 5243 5109
644 5288 5122
679 5335 5132
693 5373 5135
696 5400 5133
730 5418 5142
739 5434 5161
754 5458 5186
770 5478 5202
789 5494 5206
818 5501 5244
796 5512 5259
798 5524 5263
807 5540 5273
815 5556 5272
825 5570 5269
818 5591 5270
805 5604 5277
795 5624 5280
786 5649 5284
796 5669 5299
824 5684 5305
850 5696 5306
879 5717 5315
903 5724 5323
914 5720 5333
923 5713 5339
922 5707 5344
956 5706 5345
983 5719 5345
1033 5729 5344
1062 5736 5338
1098 5740 5334
1120 5750 5324
1126 5763 5317
1120 5779 5318
1099 5782 5323
1096 5791 5325
1048 5789 5330
1021 5803 5318
1000 5817 5311
961 5820 5307
949 5829 5314
931 5842 5314
912 5846 5317
910 5846 5322
903 5855 5321
908 5862 5316
909 5866 5305
925 5860 5296
923 5850 5284
923 5837 5290
924 5817 5294
910 5806 5295
897 5808 5301
880 5819 5297
874 5829 5287
848 5827 5277
840 5821 5279
796 5809 5288
787 5793 5289
779 5786 5284
773 5771 5261
755 5758 5240
751 5752 5221
735 5746 5213
743 5729 5217
744 5722 5220
743 5723 5224
746 5729 5214
740 5730 5209
721 5726 5201
722 5727 5190
719 5709 5184
689 5684 5175
682 5655 5163
647 5628 5152
609 5594 5136
586 5561 5113
575 5532 5080
566 5498 5041
560 5468 5000
557 5440 4955
548 5417 4913
544 5394 4870
563 5374 4837
593 5346 4810
618 5321 4788
626 5293 4766
632 5260 4730
626 5233 4675
614 5199 4605
598 5170 4538
585 5136 4469
568 5093 4415
556 5025 4365
548 4943 4325
544 4822 4290
527 4577 4189
527 4287 3945
519 3985 3641
507 3694 3258
499 3407 2961
492 3116 2720
480 2850 2421
466 2595 2040
431 2379 1643
406 2176 1270
389 2008 935
369 1856 682
345 1674 471
322 1490 239
303 1329 16
280 1163 -174
245 999 -354
191 851 -495
140 721 -587
73 622 -682
-4 548 -758
-83 459 -811
-175 369 -835
-259 285 -879
-486 23 -979
-499 -45 -1091
-529 -116 -1208
-529 -165 -1306
-612 -207 -1377
-689 -246 -1424
-673 -305 -1466
-775 -350 -1508
-869 -386 -1546
-942 -418 -1577
-1044 -459 -1600
-1201 -497 -1617
-1113 -550 -1624
-1119 -612 -1636
-1301 -668 -1649
-999 -697 -1649
-1151 -713 -1642
-1355 -737 -1625
-1359 -760 -1615
-1262 -812 -1587
-1148 -856 -1558
-1216 -887 -1541
-1067 -915 -1514
-1240 -952 -1493
-1326 -983 -1468
-1320 -1010 -1456
-1282 -1029 -1440
-1220 -1040 -1427
-1241 -1051 -1423
-1298 -1053 -1424
-1270 -1062 -1425
-1157 -1058 -1424
-1171 -1055 -1417
-1311 -1046 -1412
-1268 -1038 -1400
-1168 -1044 -1384
-1028 -1060 -1357
-1153 -1071 -1357
-1095 -1068 -1377
-1230 -1048 -1396
-947 -1024 -1417
-1261 -1004 -1426
-1140 -983 -1430
-1064 -968 -1440
-1029 -949 -1449
-1091 -932 -1459
-1196 -932 -1458
-1050 -938 -1461
-1123 -948 -1464
-1096 -960 -1464
-888 -977 -1466
-912 -997 -1467
-928 -1012 -1471
-1083 -1023 -1467
-907 -1027 -1465
-862 -1027 -1459
-961 -1024 -1448
-905 -1018 -1440
-991 -1010 -1426
-911 -1006 -1415
-930 -993 -1404
-912 -976 -1390
-971 -941 -1377
-846 -892 -1360
-895 -829 -1336
-878 -767 -1300
-894 -715 -1264
-834 -689 -1239
-854 -682 -1222
-787 -691 -1194
-771 -691 -1156
-850 -677 -1087
-785 -644 -1003
-792 -511 -815
-830 -299 -588
-862 -92 -360
-759 127 -81
-727 368 177
-758 599 384
-730 851 594
-712 1097 837
-673 1303 1063
-697 1483 1239
-717 1695 1416
-754 1875 1575
-721 2070 1719
-768 2255 1870
-769 2433 2011
-802 2605 2151
-699 2775 2329
-646 2950 2475
-648 3119 2591
-569 3303 2735
-605 3754 3120
-576 3894 3239
-599 4020 3343
-578 4114 3450
-579 4206 3547
-577 4308 3639
-595 4412 3722
-565 4507 3792
-576 4600 3867
-584 4693 3929
-562 4785 3988
-597 4868 4031
-578 4949 4081
-610 5025 4136
-638 5099 4191
-602 5159 4237
-604 5200 4270
-665 5218 4307
-621 5225 4346
-638 5240 4372
-575 5254 4397
-531 5254 4426
-570 5259 4455
-565 5290 4486
-490 5304 4512
-476 5318 4531
-470 5342 4549
-420 5364 4573
-492 5377 4595
-473 5391 4616
-466 5410 4622
-460 5426 4625
-494 5441 4634
-494 5446 4640
-466 5453 4652
-431 5453 4664
-438 5460 4669
-429 5481 4673
-385 5506 4673
-403 5518 4677
-359 5536 4662
-377 5553 4661
-337 5550 4669
-344 5553 4673
-355 5545 4666
-342 5529 4671
-325 5511 4683
-305 5498 4691
-282 5484 4687
-235 5473 4673
-230 5474 4660
-211 5492 4649
-192 5516 4648
-190 5525 4651
-167 5532 4671
-162 5543 4695
-147 5545 4714
-140 5544 4724
-130 5547 4729
-121 5550 4727
-111 5539 4721
-103 5530 4711
-86 5511 4709
-81 5490 4690
-64 5480 4675
-60 5481 4652
-46 5474 4640
-42 5462 4629
-35 5447 4617
-34 5415 4608
-16 5387 4594
5 5369 4569
35 5348 4551
52 5316 4533
69 5284 4519
83 5255 4499
91 5235 4474
105 5210 4450
104 5190 4427
95 5177 4397
93 5164 4366
74 5154 4322
67 5141 4284
60 5121 4242
70 5094 4200
94 5062 4155
137 5029 4108
201 4991 4055
271 4958 4001
334 4916 3949
399 4881 3893
486 4846 3832
558 4791 3756
605 4711 3674
635 4616 3585
669 4505 3483
667 4380 3403
683 4237 3304
690 3997 3105
700 3705 2871
715 3390 2645
734 3066 2437
764 2728 2230
800 2426 2018
848 2171 1778
867 1947 1501
897 1745 1215
911 1580 961
897 1439 750
907 1313 559
888 1180 326
893 1047 80
889 908 -147
885 787 -356
890 678 -536
925 570 -655
939 490 -743
945 428 -815
958 365 -906
993 298 -986
1011 213 -1064
1006 121 -1145
1035 57 -1215
1014 18 -1261
1060 -14 -1279
1028 -78 -1325
1026 -138 -1364
1026 -202 -1366
1011 -267 -1302
1003 -328 -1243
989 -388 -1265
992 -436 -1309
980 -466 -1356
970 -490 -1353
965 -506 -1347
926 -542 -1380
923 -590 -1405
913 -640 -1413
908 -674 -1425
913 -700 -1429
909 -715 -1443
903 -737 -1447
886 -758 -1409
889 -792 -1347
910 -807 -1343
895 -819 -1348
897 -837 -1358
863 -859 -1361
864 -873 -1332
853 -886 -1337
836 -899 -1356
811 -915 -1382
810 -921 -1409
768 -933 -1437
760 -949 -1464
746 -957 -1481
735 -967 -1494
729 -973 -1490
722 -972 -1460
703 -968 -1425
710 -972 -1403
695 -985 -1384
683 -1001 -1394
672 -1013 -1389
662 -1023 -1371
648 -1031 -1327
631 -1035 -1284
629 -1032 -1242
634 -1036 -1225
643 -1032 -1207
643 -1019 -1175
662 -1003 -1163
677 -990 -1160
691 -986 -1168
676 -989 -1165
668 -981 -1160
646 -979 -1158
643 -976 -1160
625 -969 -1149
609 -961 -1110
610 -939 -1061
592 -920 -1029
579 -905 -1011
577 -891 -962
556 -864 -851
557 -748 -647
537 -540 -440
532 -296 -210
515 -56 2
493 215 220
485 501 399
466 753 554
448 965 708
429 1185 862
407 1402 1002
387 1609 1148
364 1832 1325
338 2055 1523
322 2270 1726
316 2494 1938
300 2707 2135
277 2903 2324
248 3089 2485
228 3270 2638
211 3430 2791
190 3567 2935
156 3720 3079
113 3861 3223
55 3987 3363
-8 4115 3467
-72 4230 3567
-159 4331 3652
-248 4413 3738
-355 4498 3812
-487 4583 3885
-586 4671 3964
-739 4750 4049
-870 4816 4127
-933 4879 4193
-1112 4925 4244
-1153 4982 4300
-1058 5029 4344
-1221 5070 4384
-1295 5113 4418
-1301 5161 4449
-1298 5194 4470
-1256 5234 4492
-1335 5267 4501
-1417 5285 4525
-1361 5313 4540
-1461 5344 4552
-1273 5365 4572
-1401 5389 4592
-1325 5399 4624
-1318 5410 4650
-1365 5421 4666
-1335 5447 4683
-1360 5471 4686
-1376 5483 4687
-1320 5484 4701
-1284 5497 4711
-1347 5510 4718
-1158 5518 4727
-1265 5521 4745
-1284 5521 4759
-1208 5525 4767
-1170 5523 4772
-1314 5514 4785
-1155 5519 4795
-1161 5505 4803
-1146 5500 4813
-1211 5491 4821
-1129 5480 4829
-1166 5478 4834
-1095 5476 4840
-904 5486 4865
-1085 5486 4886
-1004 5491 4901
-967 5491 4915
-980 5493 4920
-1042 5496 4923
-1005 5504 4929
-898 5517 4949
-1066 5528 4964
-1045 5536 4969
-1089 5527 4960
-986 5519 4953
-1057 5523 4951
-970 5507 4962
-1019 5493 4954
-1003 5493 4941
-978 5494 4918
-1117 5478 4894
-1010 5441 4895
-982 5409 4892
-903 5406 4882
-953 5416 4876
-950 5410 4867
-885 5395 4858
-883 5370 4846
-944 5363 4842
-891 5360 4847
-858 5349 4858
-860 5343 4867
-854 5318 4849
-831 5308 4832
-791 5301 4814
-822 5291 4814
-790 5273 4823
-806 5249 4839
-728 5223 4849
-740 5199 4838
-672 5181 4806
-741 5163 4761
-692 5139 4723
-716 5101 4681
-705 5068 4637
-691 5042 4594
-644 5020 4557
-628 5014 4528
-668 4987 4499
-638 4959 4478
-631 4884 4408
-617 4860 4365
-604 4830 4316
-606 4806 4262
-588 4777 4208
-597 4743 4150
-531 4716 4106
-547 4688 4062
-533 4623 4021
-510 4515 3986
-524 4381 3931
-508 4250 3859
-495 4122 3758
-503 3960 3611
-490 3756 3457
-461 3578 3301
-468 3400 3116
-471 3222 2895
-485 3005 2661
-462 2761 2443
-461 2517 2240
-441 2277 2053
-457 2041 1833
-421 1823 1577
-441 1639 1375
-399 1464 1188
-389 1300 993
-395 1160 798
-397 1030 616
-385 911 445
-371 787 278
-382 666 122
-346 537 -34
-328 421 -201
-333 318 -360
-304 230 -500
-308 171 -622
-312 99 -715
-294 44 -819
-277 -11 -911
-250 -66 -981
-225 -132 -1039
-211 -188 -1087
-213 -246 -1129
-204 -300 -1178
-194 -330 -1223
-191 -349 -1231
-193 -371 -1241
-190 -401 -1204
-178 -431 -1177
-176 -457 -1231
-170 -487 -1297
-164 -516 -1355
-158 -544 -1406
-117 -561 -1424
-117 -579 -1378
-115 -597 -1317
-103 -628 -1303
-100 -664 -1291
-90 -692 -1295
-79 -711 -1307
-74 -721 -1275
-63 -730 -1231
-55 -729 -1189
-42 -725 -1142
-29 -717 -1099
-16 -721 -1062
-11 -723 -1033
-3 -723 -1015
2 -725 -1006
11 -728 -1011
20 -738 -1007
31 -747 -1000
40 -759 -990
52 -774 -988
64 -786 -989
74 -791 -1000
90 -803 -1005
106 -813 -1008
113 -824 -1030
125 -839 -1047
134 -849 -1060
145 -861 -1068
157 -867 -1087
163 -875 -1100
177 -877 -1097
184 -876 -1073
196 -873 -1049
202 -876 -1034
211 -869 -1023
225 -865 -1010
248 -867 -1002
274 -871 -1002
311 -873 -1013
352 -876 -1004
391 -875 -978
413 -871 -930
434 -868 -886
460 -857 -845
482 -853 -815
499 -841 -789
528 -814 -776
551 -765 -763
580 -717 -751
594 -686 -724
604 -675 -714
621 -638 -696
640 -512 -639
661 -303 -524
682 -61 -369
698 216 -193
709 487 -12
718 701 135
733 959 287
774 1157 455
815 1331 597
866 1531 750
923 1747 898
978 1959 1108
1007 2160 1335
1035 2380 1542
1075 2592 1716
1066 2808 1895
1092 2965 2092
1084 3128 2284
1092 3307 2476
1086 3493 2660
1104 3649 2848
1067 3779 3012
1057 3918 3183
1081 4046 3317
1077 4158 3456
1056 4261 3558
1051 4349 3645
1033 4436 3719
1030 4509 3826
1034 4589 3922
1074 4665 4007
1076 4739 4063
1069 4819 4113
1077 4900 4163
1077 4959 4225
1051 5004 4292
1086 5044 4360
1071 5086 4410
1092 5115 4450
1061 5153 4472
1080 5190 4505
1079 5225 4559
1085 5270 4598
1089 5312 4624
1082 5344 4644
1087 5364 4675
1098 5374 4716
1081 5386 4742
1053 5397 4761
1081 5414 4794
1074 5432 4820
1048 5458 4842
1012 5484 4870
992 5500 4877
1018 5522 4878
954 5537 4872
956 5560 4879
922 5566 4895
899 5560 4920
858 5565 4940
831 5564 4951
809 5564 4966
782 5564 4982
734 5576 4995
726 5585 5010
720 5590 5021
708 5602 5033
691 5604 5045
677 5601 5059
673 5601 5057
669 5606 5065
708 5603 5065
710 5593 5069
710 5595 5067
684 5601 5042
698 5595 5027
684 5583 5014
662 5575 4993
645 5581 4971
638 5579 4963
629 5583 4964
620 5600 4982
597 5617 4992
603 5625 4992
612 5625 4992
600 5622 4985
599 5624 4983
575 5621 4984
573 5622 4982
-1226 3064 3161
-1517 2296 2294
-1314 2079 2009
-1242 1897 1758
-1512 1748 1544
-1258 1625 1352
-1632 1534 1164
-1409 1453 987
-1303 1365 829
-1296 1312 714
-1420 1272 648
-1361 1241 596
-1159 1217 557
-935 1196 509
-1155 1181 462
-1265 1137 404
-1359 1070 294
-1500 1011 173
-1011 944 74
-1278 890 -17
-1067 827 -78
-1211 768 -127
-1087 709 -164
-1188 648 -207
-1098 576 -264
-1304 502 -318
-1005 415 -378
-991 338 -421
-931 263 -441
-1079 195 -425
-1153 141 -394
-990 111 -333
-905 86 -238
-1045 57 -151
-952 24 -68
-1025 -6 -1
-933 -57 10
-818 -89 -32
-960 -110 -89
-912 -131 -149
-885 -146 -195
-877 -158 -228
-863 -189 -261
-768 -219 -292
-812 -251 -325
-884 -278 -363
-848 -292 -389
-801 -301 -397
-778 -322 -387
-813 -347 -363
-919 -368 -352
-855 -385 -342
-771 -407 -327
-703 -425 -300
-830 -432 -275
-913 -449 -242
-884 -458 -211
-770 -476 -224
-674 -496 -252
-772 -503 -277
-751 -516 -259
-765 -519 -203
-705 -517 -141
-823 -515 -104
-699 -515 -116
-772 -511 -129
-775 -515 -105
-762 -522 -68
-673 -524 -38
-731 -526 -26
-682 -529 -20
-718 -525 -14
-618 -512 -17
-732 -498 -7
-718 -499 2
-614 -496 -1
-679 -497 1
-623 -500 -2
-643 -503 6
-715 -510 8
-620 -509 13
-589 -506 19
-552 -501 26
-612 -499 20
-625 -496 11
-579 -491 5
-596 -485 11
-596 -467 26
-605 -444 38
-569 -397 61
-594 -332 96
-525 -273 138
-545 -245 160
-511 -246 163
-543 -253 150
-479 -204 192
-465 -32 361
-452 166 547
-444 396 735
-445 646 943
-425 899 1160
-415 1111 1322
-443 1331 1468
-438 1541 1625
-427 1760 1791
-424 2004 1961
-388 2246 2145
-364 2452 2302
-327 2681 2453
-362 2907 2610
-294 3125 2777
-273 3343 2943
-257 3551 3077
-210 3720 3232
-214 3884 3364
-158 4047 3473
-126 4324 3716
-121 4455 3843
-108 4556 3945
-94 4660 4036
-92 4766 4125
-71 4858 4218
-60 4951 4286
-41 5042 4343
-37 5131 4398
-17 5194 4449
-1 5237 4471
18 5275 4520
30 5302 4560
40 5352 4612
41 5394 4669
32 5439 4721
31 5479 4763
27 5502 4805
24 5536 4844
16 5569 4880
12 5602 4917
6 5621 4942
4 5650 4954
0 5684 4966
2 5726 4981
-2 5754 4994
-2 5772 5004
1 5779 5028
-5 5788 5047
-2 5795 5069
-2 5789 5086
-4 5799 5101
-2 5805 5113
-4 5815 5126
-1 5818 5138
-3 5822 5158
-2 5824 5174
1 5844 5178
0 5843 5186
2 5846 5196
0 5855 5202
-4 5861 5201
-1 5857 5195
-5 5855 5185
1 5853 5183
-5 5853 5197
3 5844 5207
0 5863 5194
0 5872 5177
0 5876 5169
6 5891 5169
-4 5898 5183
3 5916 5203
0 5928 5210
4 5935 5207
-1 5930 5197
3 5915 5182
3 5898 5165
4 5899 5164
-1 5906 5167
-2 5906 5152
2 5898 5137
3 5893 5120
-5 5888 5104
-2 5879 5083
3 5867 5064
2 5860 5049
0 5858 5043
2 5848 5046
1 5829 5036
3 5809 5014
-1 5781 4985
6 5775 4950
2 5762 4917
-1 5746 4887
0 5721 4858
2 5694 4836
2 5665 4820
2 5626 4810
-3 5588 4803
-2 5557 4799
1 5527 4788
2 5506 4772
2 5481 4756
2 5451 4733
2 5417 4687
1 5383 4628
0 5344 4564
-1 5291 4505
0 5239 4448
2 5191 4397
-4 5151 4350
1 5122 4312
1 5096 4280
1 4948 4203
0 4776 4146
2 4475 4027
4 4104 3880
7 3701 3710
9 3329 3467
13 3032 3140
16 2766 2722
28 2496 2368
41 2220 2078
91 1964 1806
118 1754 1556
113 1554 1319
104 1387 1062
114 1225 816
120 1116 622
90 1043 454
70 976 281
75 912 116
85 857 -9
97 813 -104
186 776 -186
280 750 -275
309 731 -361
423 715 -442
522 687 -511
571 646 -556
626 607 -581
661 550 -623
682 497 -653
727 424 -637
755 361 -656
760 301 -709
763 247 -767
775 190 -790
809 132 -783
777 -12 -710
809 -28 -744
828 -47 -745
821 -77 -735
806 -113 -707
791 -148 -632
772 -173 -542
760 -193 -526
783 -225 -544
766 -248 -576
771 -272 -597
770 -288 -607
762 -299 -580
778 -310 -559
743 -331 -567
720 -356 -559
750 -383 -544
740 -399 -548
767 -417 -556
769 -431 -586
763 -452 -607
781 -475 -622
771 -497 -627
771 -511 -621
792 -524 -622
788 -538 -641
774 -552 -663
765 -562 -679
769 -567 -681
749 -573 -655
741 -579 -633
765 -588 -603
778 -597 -577
779 -604 -562
791 -610 -538
777 -618 -495
786 -624 -460
805 -638 -443
785 -649 -448
790 -655 -456
804 -655 -464
800 -647 -474
782 -624 -473
776 -595 -469
775 -552 -452
779 -530 -429
769 -524 -398
771 -538 -339
794 -544 -248
798 -479 -139
794 -302 34
822 -86 179
793 167 352
811 435 549
803 699 766
800 954 967
787 1216 1125
770 1436 1266
764 1634 1393
747 1810 1536
732 2003 1676
719 2199 1821
693 2399 1955
672 2589 2092
672 2774 2209
665 2963 2329
637 3145 2432
624 3303 2556
603 3449 2694
594 3580 2835
589 3741 2955
563 3900 3078
541 4062 3208
535 4198 3325
543 4300 3431
557 4400 3550
584 4513 3650
617 4637 3735
625 4738 3807
619 4828 3860
621 4912 3927
613 4996 3986
606 5070 4040
592 5148 4100
569 5227 4147
546 5307 4205
529 5375 4273
510 5432 4327
496 5475 4384
478 5505 4432
451 5529 4477
432 5553 4529
417 5597 4571
402 5651 4603
389 5688 4640
363 5729 4684
342 5768 4729
325 5801 4770
317 5822 4807
300 5853 4831
271 5875 4845
235 5886 4856
188 5891 4868
142 5889 4876
83 5899 4870
18 5908 4858
-44 5914 4858
-118 5917 4865
-203 5925 4874
-288 5935 4885
-356 5947 4874
-436 5957 4867
-558 5955 4860
-676 5958 4867
-750 5959 4873
-770 5954 4877
-791 5962 4886
-671 5983 4886
-927 6001 4884
-990 6004 4884
-1119 6015 4899
-1026 6032 4908
-857 6031 4908
-1030 6015 4907
-1063 6020 4927
-558 6024 4937
-1127 6023 4932
-1075 6006 4922
-1370 5991 4922
-1274 5975 4910
-1000 5965 4909
-975 5964 4918
-923 5963 4916
-1180 5957 4912
-1099 5969 4912
-795 5978 4923
-874 5974 4930
-967 5983 4928
-1207 5996 4922
-1116 6004 4912
-958 6005 4904
-762 5997 4903
-1107 5991 4901
-1174 5976 4888
-839 5974 4881
-815 5980 4878
-991 5991 4867
-860 5994 4849
-968 5994 4833
-1058 5986 4816
-768 5994 4802
-1038 5991 4796
-835 5965 4795
-782 5933 4799
-915 5891 4794
-873 5858 4792
-910 5824 4787
-873 5800 4778
-763 5792 4778
-733 5791 4760
-803 5784 4747
-842 5768 4725
-811 5749 4699
-780 5729 4677
-872 5708 4651
-801 5682 4620
-754 5653 4577
-713 5623 4530
-770 5589 4489
-788 5561 4443
-777 5525 4411
-743 5491 4385
-773 5457 4365
-723 5423 4348
-694 5393 4328
-705 5365 4289
-755 5338 4244
-786 5302 4191
-607 5265 4146
-610 5224 4096
-742 5194 4044
-723 5156 4002
-731 5122 3966
-748 5065 3932
-725 4903 3878
-629 4676 3729
-654 4376 3518
-553 4037 3233
-669 3722 2920
-695 3429 2621
-604 3155 2328
-686 2886 2023
-592 2617 1743
-725 2365 1521
-662 2140 1384
-506 1927 1237
-529 1713 1072
-549 1557 988
-526 1399 930
-511 1230 885
-568 1062 751
-607 917 619
-549 818 473
-577 737 335
-513 653 203
-486 568 68
-547 500 -50
-487 431 -113
-450 365 -184
-532 308 -282
-527 260 -366
-479 203 -464
-469 156 -571
-368 118 -669
-448 75 -764
-478 25 -839
-397 -6 -892
-447 -33 -914
-377 -65 -913
-400 -100 -920
-422 -148 -918
-375 -196 -964
-371 -232 -973
-380 -268 -917
-366 -302 -877
-414 -349 -880
-355 -395 -898
-347 -440 -876
-407 -490 -846
-368 -520 -809
-361 -544 -774
-361 -564 -768
-370 -576 -817
-324 -587 -866
-385 -587 -902
-353 -606 -902
-327 -632 -855
-387 -648 -794
-333 -661 -784
-312 -671 -807
-333 -688 -834
-302 -701 -858
-298 -705 -879
-289 -717 -897
-296 -735 -915
-262 -750 -932
-266 -758 -946
-248 -763 -962
-239 -765 -969
-219 -770 -961
-202 -775 -954
-189 -778 -951
-156 -780 -942
-132 -788 -926
-108 -792 -910
-90 -795 -905
-57 -795 -902
-16 -797 -899
25 -798 -897
71 -791 -897
98 -786 -896
123 -781 -886
143 -777 -880
149 -774 -861
164 -769 -851
166 -759 -839
168 -739 -820
168 -715 -782
167 -672 -736
176 -646 -718
183 -582 -706
191 -451 -696
197 -258 -633
209 -67 -501
219 129 -269
227 347 -16
230 529 234
235 674 500
244 839 721
246 1032 906
252 1250 1102
252 1498 1295
257 1762 1469
261 1994 1630
259 2210 1824
257 2452 2001
268 2683 2186
279 2884 2345
300 3082 2513
331 3243 2680
363 3424 2828
398 3602 2948
427 3766 3057
455 3918 3157
499 4036 3273
561 4153 3398
582 4289 3526
626 4412 3622
668 4528 3689
709 4635 3761
755 4738 3837
748 4839 3912
790 4920 3984
778 4991 4052
795 5052 4120
797 5113 4198
802 5174 4266
788 5227 4329
792 5281 4382
792 5349 4423
801 5415 4478
799 5462 4531
801 5523 4576
794 5578 4616
795 5624 4648
813 5652 4673
822 5687 4698
795 5718 4733
803 5744 4752
793 5774 4769
846 5798 4778
866 5834 4790
866 5858 4817
812 5874 4841
831 5891 4860
835 5914 4877
833 5942 4885
849 5952 4886
880 5946 4889
879 5960 4884
903 5978 4883
893 5983 4881
908 5986 4882
892 5998 4887
887 6000 4884
858 5995 4893
858 6000 4898
862 5998 4907
851 6000 4906
846 6002 4914
839 6008 4927
858 6010 4930
836 6005 4933
840 6012 4937
807 6017 4945
821 6018 4956
815 6025 4965
790 6027 4971
779 6017 4971
786 6007 4961
785 6006 4963
771 6016 4968
780 6028 4971
787 6032 4980
779 6039 4988
772 6055 4989
764 6061 4991
756 6050 4985
750 6038 4979
745 6037 4970
743 6024 4965
711 6014 4962
679 5999 4979
681 5995 4992
674 5990 4998
680 5980 5001
692 5959 4990
677 5933 4988
659 5892 4990
645 5852 4988
649 5838 4991
635 5825 4980
642 5822 4955
638 5813 4926
615 5795 4895
614 5770 4853
598 5736 4810
592 5709 4769
585 5680 4725
570 5657 4694
552 5625 4667
533 5606 4644
539 5574 4620
535 5541 4590
535 5491 4562
538 5429 4525
527 5377 4484
526 5328 4437
531 5284 4383
528 5246 4327
545 5215 4271
554 5163 4216
549 5051 4144
542 4846 4019
535 4565 3860
533 4243 3642
511 3890 3426
511 3514 3176
505 3175 2849
492 2879 2519
488 2626 2242
471 2405 2009
467 2201 1809
455 1997 1645
445 1780 1447
438 1596 1234
429 1459 1043
427 1327 865
414 1188 704
402 1067 532
387 941 351
373 821 176
355 718 27
338 625 -102
317 557 -226
306 491 -342
285 420 -440
259 359 -511
243 292 -558
220 200 -617
194 90 -668
158 -5 -725
117 -91 -761
73 -158 -797
21 -207 -829
-36 -244 -861
-106 -294 -906
-191 -350 -945
-277 -405 -979
-383 -454 -997
-446 -512 -1011
-657 -559 -1020
-905 -581 -1025
-865 -606 -999
-1262 -646 -973
-1132 -688 -949
-1271 -727 -883
-1279 -762 -848
-1622 -780 -846
-1386 -799 -866
-1044 -814 -902
-1172 -823 -920
-1228 -830 -921
-1473 -839 -948
-1627 -839 -988
-1173 -837 -986
-1338 -834 -964
-1245 -834 -927
-1435 -843 -864
-992 -848 -799
-1273 -851 -748
-1012 -859 -747
-979 -865 -791
-1260 -867 -837
-1168 -874 -824
-1085 -873 -803
-877 -876 -805
-1106 -881 -773
-887 -880 -819
-1261 -877 -891
-846 -872 -950
-888 -866 -968
-752 -858 -976
-1039 -846 -992
-819 -840 -994
-916 -829 -1026
-1071 -831 -1060
-1010 -832 -1078
-1173 -837 -1082
-1114 -840 -1050
-971 -842 -997
-1273 -832 -938
-900 -830 -893
-1094 -830 -899
-805 -836 -942
-930 -837 -989
-616 -839 -1026
-1045 -843 -1056
-944 -840 -1061
-989 -832 -1063
-879 -824 -1058
-1023 -811 -1052
-823 -789 -1044
-976 -760 -1039
-730 -717 -1030
-910 -666 -1008
-797 -615 -973
-645 -587 -931
-872 -589 -890
-747 -583 -775
-717 -477 -600
-787 -301 -423
-616 -154 -223
-684 48 15
-812 267 268
-794 528 497
-669 809 674
-710 1074 813
-704 1336 977
-737 1582 1142
-620 1813 1313
-534 2034 1470
-627 2234 1629
-616 2414 1789
-594 2604 1941
-620 2772 2069
-574 2950 2196
-602 3138 2313
-551 3324 2434
-579 3508 2566
-598 3673 2681
-535 3820 2798
-513 3967 2926
-508 4098 3022
-486 4216 3112
-562 4321 3198
-554 4421 3286
-550 4525 3379
-510 4626 3476
-518 4735 3560
-549 4823 3637
-504 4905 3693
-517 4971 3747
-544 5046 3803
-509 5108 3860
-474 5168 3913
-463 5231 3957
-505 5281 4015
-442 5326 4089
-476 5356 4133
-448 5377 4189
-496 5398 4229
-502 5425 4269
-493 5450 4307
-430 5463 4337
-482 5475 4373
-450 5489 4405
-429 5512 4446
-472 5539 4476
-364 5561 4502
-385 5576 4534
-389 5578 4556
-361 5590 4569
-425 5606 4584
-392 5621 4607
-335 5654 4622
-355 5672 4625
-362 5691 4629
-358 5712 4636
-369 5731 4649
-409 5754 4661
-355 5762 4663
-323 5766 4669
-346 5774 4675
-335 5788 4669
-314 5783 4665
-295 5801 4665
-286 5818 4671
-280 5814 4671
-270 5818 4669
-269 5827 4671
-219 5835 4678
-243 5827 4688
-224 5820 4696
-222 5813 4703
-218 5824 4711
-192 5837 4716
-198 5844 4712
-191 5842 4703
-180 5840 4706
-169 5836 4727
-167 5824 4732
-172 5810 4746
-155 5813 4750
-132 5827 4760
-121 5834 4754
-103 5821 4749
-93 5817 4737
-77 5833 4733
-64 5844 4743
-56 5841 4745
-48 5834 4741
-33 5830 4732
-21 5833 4728
-8 5834 4727
3 5841 4735
14 5836 4729
15 5826 4733
23 5809 4737
32 5799 4741
54 5793 4742
84 5786 4742
116 5778 4732
136 5765 4726
161 5744 4711
178 5715 4691
205 5681 4670
232 5644 4653
271 5605 4633
296 5556 4608
330 5510 4572
364 5451 4541
384 5409 4515
427 5369 4498
439 5326 4479
451 5283 4441
479 5247 4386
481 5210 4321
502 5173 4255
511 5142 4197
529 5104 4147
568 5052 4100
584 4937 4061
618 4719 4020
648 4463 3988
679 4160 3943
686 3851 3815
709 3544 3577
723 3243 3255
721 2984 2917
729 2774 2591
734 2595 2305
744 2448 2046
762 2316 1824
776 2165 1553
782 2063 1367
793 1946 1199
802 1805 1056
811 1649 934
818 1479 832
834 1310 738
850 1162 647
842 1043 561
830 940 467
831 853 381
819 769 300
810 676 230
803 585 164
811 497 110
793 428 56
806 388 5
790 371 -43
810 371 -91
814 377 -130
821 375 -185
806 351 -243
850 314 -298
856 262 -343
848 207 -397
849 166 -455
838 143 -521
831 112 -590
830 76 -665
809 52 -732
778 30 -788
755 15 -829
749 -6 -859
742 -28 -882
734 -50 -890
709 -68 -898
704 -85 -898
689 -97 -892
672 -95 -884
688 -78 -871
679 -38 -850
695 8 -820
709 43 -789
712 66 -782
700 108 -775
695 170 -720
675 307 -527
668 505 -228
637 754 101
631 1045 465
604 1308 815
593 1506 1056
581 1676 1292
570 1899 1525
555 2128 1784
562 2376 2046
554 2628 2331
562 2858 2595
542 3082 2876
550 3303 3159
557 3493 3394
536 3661 3577
537 3827 3722
525 3994 3847
517 4132 3974
523 4269 4097
514 4392 4188
514 4510 4278
511 4608 4346
517 4716 4403
511 4801 4451
522 4877 4506
522 4964 4570
517 5036 4661
534 5088 4748
540 5139 4820
552 5198 4871
565 5259 4906
564 5313 4930
574 5354 4947
560 5401 4997
547 5425 5051
517 5449 5077
503 5475 5091
478 5495 5092
480 5533 5093
470 5573 5097
468 5599 5101
454 5629 5109
452 5657 5103
442 5664 5105
443 5666 5128
439 5673 5154
425 5688 5185
423 5691 5194
418 5691 5199
398 5697 5204
373 5710 5211
347 5724 5221
334 5730 5212
326 5736 5215
304 5749 5225
272 5749 5224
225 5745 5210
163 5754 5188
99 5754 5163
33 5737 5137
-61 5731 5110
-169 5721 5093
-280 5719 5105
-344 5723 5122
-585 5722 5116
-713 5709 5121
-636 5705 5129
-726 5696 5134
-1090 5685 5152
-904 5683 5167
-963 5672 5176
-1179 5649 5175
-1390 5621 5168
-977 5581 5178
-1198 5545 5177
-941 5513 5160
-1198 5489 5135
-853 5472 5096
-1113 5463 5063
-1004 5463 5040
-740 5475 5023
-906 5491 5009
-1249 5496 5013
-923 5503 5017
-1036 5504 5006
-909 5498 4988
-1328 5486 4965
-1130 5468 4945
-1041 5451 4924
-936 5429 4890
-1090 5406 4852
-937 5379 4823
-1066 5349 4797
-841 5302 4765
-1172 5254 4725
-1044 5208 4688
-887 5145 4636
-1009 5076 4571
-1030 5003 4507
-943 4944 4439
-967 4886 4369
-951 4813 4297
-927 4722 4231
-943 4626 4182
-815 4517 4086
-795 4358 3905
-946 4100 3616
-953 3800 3188
-944 3486 2703
-863 3177 2232
-853 2906 1805
-841 2688 1419
-975 2489 1069
-721 2300 773
-886 2081 543
-898 1868 356
-976 1673 153
-855 1500 -27
-746 1359 -196
-757 1219 -333
-835 1077 -414
-897 950 -491
-812 844 -606
-711 753 -711
-856 679 -780
-811 618 -822
-784 567 -891
-802 492 -926
-696 390 -964
-818 295 -1017
-756 201 -1058
-858 122 -1052
-793 60 -1021
-831 10 -1016
-665 -40 -1008
-712 -95 -1026
-686 -143 -1049
-761 -191 -1075
-700 -238 -1082
-716 -288 -1086
-709 -334 -1089
-702 -367 -1076
-764 -398 -1047
-624 -424 -1014
-789 -449 -977
-719 -473 -934
-684 -492 -906
-724 -513 -892
-566 -536 -881
-601 -552 -881
-631 -572 -892
-621 -591 -898
-595 -603 -902
-592 -629 -906
-608 -656 -894
-622 -669 -882
-551 -674 -873
-582 -671 -868
-594 -671 -862
-541 -669 -852
-545 -675 -841
-545 -689 -827
-519 -697 -815
-487 -702 -800
-533 -709 -772
-483 -716 -749
-507 -722 -725
-490 -730 -708
-448 -741 -697
-484 -746 -679
-444 -749 -659
-420 -764 -634
-401 -768 -603
-372 -773 -576
-369 -776 -547
-342 -778 -521
-354 -772 -495
-354 -756 -457
-324 -718 -415
-340 -673 -385
-322 -637 -369
-325 -612 -362
-311 -598 -352
-283 -597 -332
-299 -537 -239
-271 -378 -68
-259 -172 119
-254 65 284
-241 260 423
-239 430 552
-215 658 722
-240 927 906
-241 1141 1078
-202 1306 1280
-211 1510 1460
-211 1703 1661
-222 1889 1890
-200 2051 2152
-229 2182 2440
-214 2311 2726
-189 2467 2967
-196 2647 3143
-186 2838 3284
-170 3025 3430
-174 3231 3543
-166 3428 3646
-137 3613 3757
-132 3790 3874
-116 3951 3989
-104 4108 4106
-100 4245 4219
-92 4379 4328
-85 4498 4408
-88 4607 4476
-82 4705 4547
-82 4786 4614
-77 4874 4675
-68 4951 4730
-54 5015 4773
-44 5090 4839
-38 5157 4888
-33 5218 4918
-23 5279 4934
-13 5331 4940
-8 5389 4949
6 5425 4958
19 5474 4972
31 5516 5007
46 5555 5038
57 5595 5055
65 5630 5075
80 5670 5115
85 5690 5155
90 5710 5193
96 5741 5202
102 5771 5213
107 5799 5240
113 5818 5280
110 5833 5306
116 5844 5320
116 5860 5345
116 5874 5368
116 5888 5381
118 5908 5377
122 5930 5370
118 5929 5363
130 5934 5337
132 5928 5325
137 5917 5329
147 5910 5334
146 5913 5351
153 5905 5353
161 5903 5363
170 5906 5370
189 5913 5390
200 5900 5419
214 5890 5442
241 5876 5445
273 5871 5426
314 5873 5397
374 5874 5389
432 5866 5409
486 5864 5414
552 5865 5418
602 5873 5408
653 5876 5393
684 5873 5353
718 5866 5294
758 5865 5254
783 5861 5243
808 5857 5219
845 5849 5186
849 5843 5161
885 5824 5172
888 5798 5164
881 5774 5130
915 5759 5121
907 5736 5121
920 5704 5107
909 5680 5092
899 5655 5101
876 5633 5116
898 5614 5124
900 5596 5128
861 5584 5122
896 5573 5104
916 5556 5075
895 5549 5049
863 5535 5013
856 5515 4980
864 5491 4947
857 5468 4918
851 5440 4892
839 5422 4853
847 5400 4799
817 5373 4739
834 5331 4664
812 5278 4581
804 5210 4510
802 5138 4445
821 5067 4389
838 4998 4330
838 4935 4276
797 4887 4223
813 4832 4160
829 4696 4017
823 4456 3869
827 4160 3657
806 3863 3415
795 3590 3134
805 3338 2819
788 3115 2497
778 2922 2182
764 2736 1884
749 2567 1613
736 2408 1371
724 2255 1134
705 2114 911
696 1964 704
674 1818 522
648 1702 355
642 1616 201
611 1539 70
620 1449 -58
597 1366 -167
595 1276 -236
591 1167 -290
589 1067 -311
590 987 -308
585 908 -348
559 812 -376
566 725 -366
558 657 -349
551 592 -350
539 521 -332
536 438 -293
542 365 -282
533 292 -361
542 222 -453
530 137 -520
522 56 -569
509 -18 -588
492 -81 -596
487 -148 -601
474 -214 -593
464 -273 -590
473 -333 -571
467 -389 -569
444 -440 -556
439 -491 -536
446 -531 -532
443 -570 -539
433 -608 -521
425 -635 -508
414 -659 -507
408 -673 -487
407 -683 -501
408 -705 -524
411 -738 -553
405 -776 -562
409 -788 -577
400 -810 -584
399 -827 -584
398 -834 -592
391 -858 -597
386 -870 -606
383 -883 -616
370 -888 -611
372 -902 -579
364 -899 -540
367 -911 -521
351 -914 -518
328 -915 -526
323 -917 -529
302 -926 -527
279 -936 -524
254 -944 -529
226 -944 -527
196 -947 -511
151 -945 -493
98 -946 -483
54 -951 -452
1 -955 -436
-61 -952 -424
-136 -954 -419
-218 -953 -408
-297 -958 -389
-401 -960 -367
-522 -962 -356
-659 -966 -351
-595 -968 -347
-777 -967 -354
-738 -965 -364
-902 -966 -373
-1044 -970 -378
-1296 -974 -381
-1182 -973 -385
-690 -968 -384
-1189 -931 -375
-784 -868 -368
-981 -797 -354
-1047 -755 -344
-1228 -744 -334
-997 -753 -324
-1087 -631 -224
-1274 -419 -67
-1226 -174 111
-833 80 283
-1458 314 421
-1208 566 541
-1021 784 677
-1124 993 809
-1469 1201 961
-864 1411 1141
-1290 1626 1302
-1292 1844 1459
-966 2063 1613
-1132 2281 1738
-994 2504 1874
-1198 2722 2006
-1195 2918 2127
-1394 3116 2254
-1415 3313 2377
-1493 3489 2507
-940 3646 2621
-1277 3808 2739
-1135 3963 2877
-997 4102 3010
-848 4236 3168
-1357 4367 3322
-874 4478 3452
-1246 4590 3556
-1504 4698 3647
-1175 4794 3725
-1134 4868 3807
-1126 4936 3899
-1122 5000 3974
-1424 5055 4044
-1120 5116 4112
-1279 5172 4182
-1214 5210 4258
-818 5247 4313
-980 5280 4368
-1106 5306 4428
-1299 5337 4467
-889 5369 4521
-946 5397 4564
-1015 5413 4607
-1062 5436 4636
-927 5466 4660
-965 5485 4688
-983 5505 4720
-768 5512 4741
-959 5524 4769
-1110 5536 4793
-890 5554 4836
-991 5564 4871
-983 5574 4891
-885 5576 4903
-872 5570 4928
-923 5572 4949
-854 5568 4954
-829 5561 4966
-1047 5565 4982
-837 5578 5000
-767 5580 5016
-875 5583 5021
-968 5574 5029
-1076 5570 5034
-898 5563 5037
-746 5558 5048
-896 5546 5051
-791 5535 5068
-827 5523 5077
-845 5516 5080
-830 5513 5092
-713 5497 5096
-659 5486 5090
-659 5481 5075
-822 5479 5062
-722 5491 5062
-609 5497 5052
-740 5521 5055
-895 5535 5050
-662 5538 5037
-706 5540 5029
-835 5535 5026
-720 5525 5027
-707 5513 5049
-705 5503 5056
-770 5496 5046
-742 5484 5042
-759 5483 5033
-522 5472 5019
-720 5464 5004
-637 5460 4995
-560 5459 4998
-717 5455 5008
-465 5444 5020
-657 5429 5029
-645 5425 5020
-503 5425 5034
-481 5412 5050
-540 5392 5059
-562 5369 5062
-526 5341 5064
-476 5298 5063
-445 5260 5039
-427 5216 5008
-487 5174 4975
-440 5141 4941
-392 5116 4909
-391 5097 4873
-371 5085 4838
-457 5079 4807
-508 5071 4783
-374 5068 4757
-446 5064 4727
-458 5060 4696
-400 5053 4659
-320 5048 4616
-340 5040 4567
-297 5022 4510
-321 4993 4447
-292 4958 4395
-306 4921 4336
-290 4886 4283
-308 4852 4232
-264 4822 4187
-234 4792 4147
-203 4762 4084
-190 4691 3965
-172 4528 3839
-150 4295 3703
-146 4020 3552
-126 3716 3315
-122 3437 3000
-107 3193 2685
-100 2958 2398
-86 2739 2127
-66 2537 1850
-60 2365 1631
-48 2216 1494
-36 2074 1339
-33 1940 1193
-10 1790 1076
-10 1641 993
6 1533 938
12 1443 868
21 1338 785
26 1185 720
28 1064 671
37 984 630
34 912 580
32 879 453
31 859 283
37 832 113
37 820 -44
43 787 -165
49 705 -228
58 598 -246
67 533 -293
67 484 -368
76 437 -436
80 388 -492
83 358 -523
83 340 -539
90 313 -516
95 284 -458
94 243 -392
105 193 -378
112 138 -433
114 104 -523
122 72 -611
126 50 -683
143 -4 -746
152 -54 -791
161 -84 -827
170 -111 -866
187 -146 -892
196 -181 -887
209 -222 -849
216 -266 -805
228 -308 -760
238 -361 -731
248 -403 -688
255 -439 -632
263 -472 -630
280 -498 -659
285 -516 -661
292 -530 -637
306 -535 -620
314 -550 -609
337 -558 -584
363 -571 -571
391 -587 -543
415 -604 -508
431 -619 -486
450 -636 -478
471 -662 -484
481 -685 -493
503 -707 -508
522 -715 -526
528 -722 -546
553 -726 -556
557 -729 -560
572 -733 -552
588 -739 -525
613 -737 -498
633 -736 -475
643 -737 -464
691 -735 -457
689 -731 -449
711 -728 -442
697 -727 -440
728 -720 -435
751 -717 -430
748 -714 -429
753 -707 -425
757 -701 -424
764 -695 -429
762 -686 -440
771 -672 -454
781 -657 -458
793 -632 -464
793 -592 -463
798 -548 -460
823 -500 -449
846 -463 -431
850 -449 -413
841 -442 -370
854 -373 -200
822 -242 2
824 -58 205
826 197 384
819 487 558
781 734 694
795 956 803
779 1166 956
785 1413 1091
791 1672 1261
754 1905 1466
792 2125 1647
783 2352 1812
779 2585 1992
759 2830 2165
762 3041 2315
745 3221 2460
758 3393 2596
752 3546 2724
734 3694 2864
728 3826 2996
724 3949 3110
713 4066 3223
712 4175 3325
704 4288 3410
684 4386 3505
671 4469 3601
667 4544 3689
678 4626 3752
680 4703 3804
675 4758 3861
671 4810 3915
689 4867 3969
699 4920 4008
710 4957 4047
705 4987 4086
714 5023 4114
722 5054 4158
698 5092 4200
695 5123 4244
672 5164 4287
663 5195 4322
657 5225 4362
666 5241 4390
641 5262 4418
634 5293 4439
631 5307 4461
631 5306 4482
625 5317 4510
613 5339 4533
614 5348 4557
613 5376 4569
606 5416 4595
606 5442 4619
595 5467 4644
577 5480 4670
566 5500 4695
550 5517 4712
562 5532 4723
548 5550 4744
542 5556 4763
541 5568 4772
528 5573 4790
522 5570 4792
513 5588 4791
511 5598 4792
511 5610 4800
500 5625 4803
494 5619 4804
492 5624 4813
488 5633 4824
496 5640 4829
483 5643 4822
478 5648 4812
483 5653 4816
483 5647 4828
477 5635 4841
478 5640 4845
478 5640 4867
468 5666 4875
465 5687 4878
461 5691 4894
448 5696 4907
440 5701 4904
428 5704 4906
419 5700 4901
403 5706 4905
389 5718 4914
372 5739 4923
353 5748 4918
318 5762 4920
251 5775 4919
179 5787 4926
106 5792 4933
27 5815 4934
-52 5833 4933
-157 5859 4943
-262 5872 4961
-350 5874 4960
-433 5893 4953
-538 5912 4947
-580 5913 4945
-653 5915 4945
-739 5930 4957
-834 5955 4975
-847 5961 4988
-794 5962 4992
-831 5966 4996
-786 5994 4991
-743 6011 4980
-873 6016 4970
-895 6027 4968
-1004 6036 4971
-1078 6041 4987
-907 6047 5002
-1094 6057 5020
-1070 6054 5010
-789 6046 4988
-897 6028 4948
-1285 6004 4916
-1150 5968 4905
-1146 5937 4875
-1229 5902 4826
-1427 5864 4782
-1218 5834 4734
-1203 5804 4701
-1546 5779 4667
-1116 5748 4629
-1356 5704 4591
-1334 5653 4545
-1270 5601 4486
-979 5547 4437
-1206 5502 4396
-1587 5459 4359
-1343 5374 4307
-1274 5176 4161
-1149 4858 3841
-1022 4477 3398
-1181 4111 2961
-1207 3775 2535
-1064 3465 2126
-1232 3204 1719
-1373 2961 1355
-933 2728 1055
-1339 2514 828
-1195 2328 637
-1288 2156 454
-889 2002 320
-1041 1861 209
-1178 1722 100
-966 1608 -22
-1198 1505 -150
-1292 1405 -256
-1549 1301 -388
-1184 1206 -508
-1223 1140 -600
-972 1073 -666
-938 998 -703
-1181 917 -725
-1250 825 -753
-866 744 -761
-1011 675 -742
-1029 623 -723
-834 581 -696
-933 561 -679
-983 535 -658
-1143 498 -645
-831 444 -672
-924 383 -723
-1105 319 -749
-1174 258 -721
-912 208 -681
-1000 170 -645
-805 144 -609
-1040 125 -563
-990 138 -520
-976 152 -499
-826 174 -483
-904 216 -459
-781 229 -418
-739 230 -312
-763 259 -139
-830 389 76
-731 594 299
-816 855 530
-668 1110 731
-801 1378 904
-701 1645 1111
-714 1902 1296
-725 2158 1499
-913 2424 1703
-807 2650 1931
-743 2861 2130
-659 3058 2296
-683 3245 2444
-671 3410 2575
-686 3533 2693
-618 3622 2807
-657 3684 2894
-634 3729 2946
-433 3756 2991
-656 3772 3015
-529 3780 3021
-490 3781 3029
-614 3771 3017
-482 3747 3004
-578 3722 2985
-431 3695 2963
-506 3674 2934
-524 3649 2906
-519 3620 2869
-550 3590 2838
-519 3559 2821
-537 3536 2826
-525 3528 2853
-403 3563 2926
-474 3619 3022
-484 3702 3120
-420 3764 3203
-407 3818 3295
-402 3870 3371
-370 3951 3436
-438 4029 3503
-444 4128 3591
-407 4225 3668
-443 4302 3736
-392 4379 3793
-387 4463 3863
-355 4537 3928
-334 4620 3975
-344 4692 4037
-354 4747 4106
-310 4808 4165
-244 4868 4207
-270 4919 4248
-261 4961 4302
-216 5013 4367
-235 5063 4426
-217 5110 4480
-224 5157 4532
-194 5201 4575
-149 5243 4600
-112 5285 4631
-85 5341 4653
-66 5395 4664
-38 5434 4681
-24 5465 4707
-4 5493 4730
9 5508 4750
25 5517 4758
35 5525 4773
44 5554 4796
42 5576 4817
57 5581 4832
58 5603 4852
67 5626 4872
69 5633 4887
74 5633 4893
81 5635 4909
78 5631 4930
83 5650 4951
88 5658 4969
89 5655 4979
97 5653 4993
92 5649 5004
91 5656 5012
95 5663 5013
91 5679 5011
99 5687 5010
97 5685 5010
103 5694 5015
113 5694 5022
119 5691 5023
129 5703 5045
143 5712 5057
150 5723 5060
164 5737 5058
178 5747 5068
187 5758 5087
198 5771 5103
204 5793 5124
210 5808 5140
215 5829 5161
219 5840 5168
217 5853 5181
225 5859 5184
233 5858 5186
230 5849 5190
233 5854 5200
236 5850 5208
247 5862 5216
250 5878 5223
263 5893 5226
272 5907 5224
281 5929 5217
291 5946 5232
307 5953 5243
324 5961 5240
334 5971 5237
368 5984 5241
395 5979 5247
429 5992 5251
463 5990 5244
485 5982 5236
511 5961 5226
551 5937 5213
586 5913 5191
592 5884 5147
625 5850 5094
635 5813 5043
649 5777 4995
628 5734 4950
652 5691 4904
664 5644 4861
664 5596 4841
667 5565 4831
679 5549 4824
658 5534 4820
664 5528 4829
649 5531 4846
658 5538 4881
661 5543 4913
672 5574 4949
699 5605 4979
680 5647 5007
673 5701 5041
679 5748 5082
680 5778 5108
637 5795 5121
647 5793 5135
648 5784 5143
664 5766 5146
663 5747 5144
656 5736 5148
672 5718 5141
678 5707 5129
669 5687 5096
675 5668 5057
690 5637 5011
686 5607 4970
665 5570 4928
661 5529 4890
642 5496 4861
657 5479 4837
659 5470 4831
658 5476 4844
657 5500 4873
651 5525 4895
669 5554 4909
655 5564 4917
659 5576 4926
666 5585 4939
645 5592 4935
649 5589 4927
659 5568 4917
641 5548 4912
642 5527 4896
641 5506 4877
633 5485 4853
640 5459 4819
631 5429 4785
632 5400 4755
628 5391 4742
624 5404 4780
622 5439 4833
636 5477 4887
617 5509 4931
630 5542 4964
616 5557 4983
598 5579 5003
602 5603 5022
593 5634 5031
592 5671 5061
595 5697 5088
588 5715 5097
566 5715 5101
555 5714 5100
539 5726 5095
530 5719 5100
511 5736 5119
490 5752 5145
477 5763 5173
480 5770 5196
487 5799 5209
499 5823 5223
491 5831 5238
492 5838 5263
481 5853 5288
483 5875 5302
484 5887 5321
494 5887 5330
491 5891 5341
489 5897 5345
472 5894 5350
461 5884 5354
446 5873 5346
433 5855 5334
423 5838 5309
405 5827 5275
402 5801 5231
394 5764 5182
396 5734 5116
387 5695 5036
391 5647 4941
371 5534 4747
360 5273 4312
349 4913 3794
345 4494 3293
335 4041 2822
319 3589 2382
301 3145 1968
273 2729 1574
241 2352 1187
196 2012 837
155 1695 510
103 1387 216
42 1100 -57
-22 851 -287
-102 628 -474
-184 417 -638
-263 218 -747
-363 37 -802
-477 -117 -837
-503 -256 -894
-523 -377 -948
-648 -492 -1008
-822 -593 -1035
-703 -695 -1036
-683 -784 -1059
-770 -865 -1085
-556 -937 -1091
-921 -980 -1105
-1012 -1011 -1150
-905 -1036 -1180
-848 -1041 -1198
-747 -1052 -1237
-953 -1080 -1297
-1065 -1104 -1336
-740 -1124 -1361
-797 -1137 -1368
-937 -1147 -1364
-958 -1158 -1378
-1161 -1168 -1369
-1084 -1183 -1361
-930 -1199 -1352
-898 -1210 -1354
-783 -1206 -1353
-642 -1169 -1343
-835 -1141 -1309
-1049 -1104 -1182
-797 -927 -944
-917 -647 -697
-813 -389 -446
-969 -89 -172
-897 234 115
-937 594 399
-1088 938 695
-862 1290 1000
-1007 1637 1281
-1340 1961 1554
-764 2237 1829
-923 2438 2055
-980 2635 2236
-1144 2834 2420
-822 3028 2594
-778 3193 2760
-1139 3346 2927
-1004 3492 3087
-837 3626 3236
-847 3730 3353
-898 3851 3469
-909 3955 3588
-851 4065 3694
-1027 4155 3789
-909 4263 3880
-855 4360 3970
-843 4455 4049
-558 4542 4117
-829 4620 4201
-854 4695 4287
-580 4755 4358
-720 4822 4413
-712 4865 4466
-933 4893 4525
-852 4926 4578
-666 4967 4622
-944 4997 4655
-869 5026 4681
-712 5071 4708
-819 5118 4731
-660 5163 4763
-875 5201 4791
-872 5243 4821
-801 5289 4855
-842 5332 4885
-733 5367 4903
-714 5399 4929
-740 5427 4957
-773 5455 4979
-662 5488 5000
-721 5518 5029
-679 5534 5055
-662 5547 5082
-559 5553 5108
-675 5567 5122
-511 5589 5135
-592 5599 5152
-420 5611 5167
-478 5616 5172
-396 5620 5167
-397 5614 5171
-347 5617 5170
-294 5618 5185
-298 5629 5193
-269 5644 5202
-242 5656 5213
-184 5661 5219
-144 5669 5222
-134 5678 5237
-110 5688 5248
-82 5705 5259
-60 5713 5270
-35 5729 5281
-6 5742 5286
13 5754 5296
35 5753 5291
55 5755 5292
75 5755 5293
86 5761 5299
98 5756 5297
97 5762 5306
103 5771 5312
122 5793 5324
136 5815 5329
152 5827 5326
164 5819 5324
170 5810 5321
172 5813 5318
172 5820 5319
178 5833 5323
181 5842 5328
191 5832 5332
201 5824 5330
213 5824 5322
219 5828 5320
247 5824 5308
265 5818 5302
304 5809 5295
350 5791 5269
390 5763 5235
437 5739 5190
511 5722 5149
381 5701 5122
526 5680 5097
566 5651 5077
633 5627 5058
678 5595 5027
708 5557 4990
718 5516 4948
736 5472 4906
738 5425 4865
733 5390 4829
728 5363 4806
713 5355 4799
699 5355 4800
653 5354 4809
591 5360 4808
503 5364 4810
389 5386 4808
237 5393 4814
34 5396 4816
-209 5387 4813
-544 5389 4832
-775 5392 4841
-961 5379 4831
-1164 5356 4818
-1267 5338 4809
-1346 5320 4802
-1151 5301 4785
-1358 5285 4756
-1210 5272 4731
-1150 5254 4708
-838 5242 4678
-499 5223 4648
-99 5196 4608
299 5163 4564
736 5132 4515
1006 5095 4472
1199 5045 4433
1307 4979 4346
1413 4885 4204
1444 4726 3989
1434 4578 3814
1424 4407 3639
1376 4189 3437
1273 3954 3211
1207 3741 2994
1074 3580 2794
977 3452 2575
837 3316 2451
642 3178 2417
392 3098 2488
101 3129 2618
-208 3210 2750
-561 3280 2861
-853 3336 2950
-877 3401 3030
-1072 3461 3110
-1271 3510 3197
-1238 3536 3287
-1217 3558 3370
-1220 3584 3440
-1125 3614 3485
-824 3638 3523
-663 3661 3556
-348 3686 3584
22 3709 3617
461 3751 3649
814 3803 3677
1045 3855 3706
1204 3947 3780
1305 4084 3887
1400 4210 4007